# energy[GeV]  energy_edge_lo[GeV]  energy_edge_hi[GeV]  flux[1/(cm2 s GeV)]  flux_err_lo  flux_err_hi
6.40465520e-02 5.00000000e-02 8.20392165e-02 1.33904309e-06 2.67808617e-07 2.67808617e-07
1.05086579e-01 8.20392165e-02 1.34608661e-01 4.43843339e-07 8.87686679e-08 8.87686679e-08
1.72424412e-01 1.34608661e-01 2.20863782e-01 1.47117678e-07 2.94235357e-08 2.94235357e-08
2.82911273e-01 2.20863782e-01 3.62389832e-01 4.87640781e-08 9.75281561e-09 9.75281561e-09
4.64196384e-01 3.62389832e-01 5.94603558e-01 1.61634913e-08 3.23269826e-09 3.23269826e-09
7.61646154e-01 5.94603558e-01 9.75616200e-01 5.35760053e-09 1.07152011e-09 1.07152011e-09
1.24969707e+00 9.75616200e-01 1.60077577e+00 1.77584675e-09 3.55169350e-10 3.55169350e-10
2.05048338e+00 1.60077577e+00 2.62652780e+00 5.88627625e-10 1.17725525e-10 1.17725525e-10
3.36440099e+00 2.62652780e+00 4.30956566e+00 1.95108323e-10 3.90216645e-11 3.90216645e-11
5.52025643e+00 4.30956566e+00 7.07106781e+00 6.46712047e-11 1.29342409e-11 1.29342409e-11
9.05755025e+00 7.07106781e+00 1.16020973e+01 2.14361164e-11 4.28722328e-12 4.28722328e-12
1.48614865e+01 1.16020973e+01 1.90365394e+01 7.10528106e-12 1.42105621e-12 1.42105621e-12
2.43844942e+01 1.90365394e+01 3.12348555e+01 2.35513831e-12 4.71027662e-13 4.71027662e-13
4.00096960e+01 3.12348555e+01 5.12496615e+01 7.80641388e-13 1.56128278e-13 1.56128278e-13
6.56472822e+01 5.12496615e+01 8.40896415e+01 2.58753795e-13 5.17507590e-14 5.17507590e-14
1.07713032e+02 8.40896415e+01 1.37972966e+02 8.57673287e-14 1.71534657e-14 1.71534657e-14
1.76733855e+02 1.37972966e+02 2.26383881e+02 2.84287025e-14 5.68574051e-15 5.68574051e-15
2.89982140e+02 2.26383881e+02 3.71447124e+02 9.42306517e-15 1.88461303e-15 1.88461303e-15
4.75798151e+02 3.71447124e+02 6.09464621e+02 3.12339816e-15 6.24679632e-16 6.24679632e-16
7.80682151e+02 6.09464621e+02 1.00000000e+03 1.03529116e-15 2.07058232e-16 2.07058232e-16
1.05925373e+03 1.00000000e+03 1.12201845e+03 4.89679370e-16 9.79358740e-17 9.79358740e-17
1.18850223e+03 1.12201845e+03 1.25892541e+03 3.75761091e-16 7.51522182e-17 7.51522182e-17
1.33352143e+03 1.25892541e+03 1.41253754e+03 2.88344590e-16 5.76689181e-17 5.76689181e-17
1.49623566e+03 1.41253754e+03 1.58489319e+03 2.21264534e-16 4.42529068e-17 4.42529068e-17
1.67880402e+03 1.58489319e+03 1.77827941e+03 1.69789883e-16 3.39579765e-17 3.39579765e-17
1.88364909e+03 1.77827941e+03 1.99526231e+03 1.30290217e-16 2.60580434e-17 2.60580434e-17
2.11348904e+03 1.99526231e+03 2.23872114e+03 9.99796951e-17 1.99959390e-17 1.99959390e-17
2.37137371e+03 2.23872114e+03 2.51188643e+03 7.67205677e-17 1.53441135e-17 1.53441135e-17
2.66072506e+03 2.51188643e+03 2.81838293e+03 5.88724091e-17 1.17744818e-17 1.17744818e-17
2.98538262e+03 2.81838293e+03 3.16227766e+03 4.51764195e-17 9.03528391e-18 9.03528391e-18
3.34965439e+03 3.16227766e+03 3.54813389e+03 3.46666446e-17 6.93332892e-18 6.93332892e-18
3.75837404e+03 3.54813389e+03 3.98107171e+03 2.66018480e-17 5.32036960e-18 5.32036960e-18
4.21696503e+03 3.98107171e+03 4.46683592e+03 2.04132337e-17 4.08264674e-18 4.08264674e-18
4.73151259e+03 4.46683592e+03 5.01187234e+03 1.56643294e-17 3.13286589e-18 3.13286589e-18
5.30884444e+03 5.01187234e+03 5.62341325e+03 1.20202032e-17 2.40404063e-18 2.40404063e-18
5.95662144e+03 5.62341325e+03 6.30957344e+03 9.22384100e-18 1.84476820e-18 1.84476820e-18
6.68343918e+03 6.30957344e+03 7.07945784e+03 7.07802037e-18 1.41560407e-18 1.41560407e-18
7.49894209e+03 7.07945784e+03 7.94328235e+03 5.43140025e-18 1.08628005e-18 1.08628005e-18
8.41395142e+03 7.94328235e+03 8.91250938e+03 4.16784738e-18 8.33569477e-19 8.33569477e-19
9.44060876e+03 8.91250938e+03 1.00000000e+04 3.19824558e-18 6.39649115e-19 6.39649115e-19
