# energy[GeV]  energy_edge_lo[GeV]  energy_edge_hi[GeV]  flux[1/(cm2 s GeV)]  flux_err_lo  flux_err_hi
6.40465520e-02 5.00000000e-02 8.20392165e-02 1.33904309e-06 2.67808617e-07 2.67808617e-07
1.05086579e-01 8.20392165e-02 1.34608661e-01 4.43843339e-07 8.87686679e-08 8.87686679e-08
1.72424412e-01 1.34608661e-01 2.20863782e-01 1.47117678e-07 2.94235357e-08 2.94235357e-08
2.82911273e-01 2.20863782e-01 3.62389832e-01 4.87640781e-08 9.75281561e-09 9.75281561e-09
4.64196384e-01 3.62389832e-01 5.94603558e-01 1.61634913e-08 3.23269826e-09 3.23269826e-09
7.61646154e-01 5.94603558e-01 9.75616200e-01 5.35760053e-09 1.07152011e-09 1.07152011e-09
1.24969707e+00 9.75616200e-01 1.60077577e+00 1.77584675e-09 3.55169350e-10 3.55169350e-10
2.05048338e+00 1.60077577e+00 2.62652780e+00 5.88627625e-10 1.17725525e-10 1.17725525e-10
3.36440099e+00 2.62652780e+00 4.30956566e+00 1.95108323e-10 3.90216645e-11 3.90216645e-11
5.52025643e+00 4.30956566e+00 7.07106781e+00 6.46712047e-11 1.29342409e-11 1.29342409e-11
9.05755025e+00 7.07106781e+00 1.16020973e+01 2.14361164e-11 4.28722328e-12 4.28722328e-12
1.48614865e+01 1.16020973e+01 1.90365394e+01 7.10528106e-12 1.42105621e-12 1.42105621e-12
2.43844942e+01 1.90365394e+01 3.12348555e+01 2.35513831e-12 4.71027662e-13 4.71027662e-13
4.00096960e+01 3.12348555e+01 5.12496615e+01 7.80641388e-13 1.56128278e-13 1.56128278e-13
6.56472822e+01 5.12496615e+01 8.40896415e+01 2.58753795e-13 5.17507590e-14 5.17507590e-14
1.07713032e+02 8.40896415e+01 1.37972966e+02 8.57673287e-14 1.71534657e-14 1.71534657e-14
1.76733855e+02 1.37972966e+02 2.26383881e+02 2.84287025e-14 5.68574051e-15 5.68574051e-15
2.89982140e+02 2.26383881e+02 3.71447124e+02 9.42306517e-15 1.88461303e-15 1.88461303e-15
4.75798151e+02 3.71447124e+02 6.09464621e+02 3.12339816e-15 6.24679632e-16 6.24679632e-16
7.80682151e+02 6.09464621e+02 1.00000000e+03 1.03529116e-15 2.07058232e-16 2.07058232e-16
