# energy[GeV]  energy_edge_lo[GeV]  energy_edge_hi[GeV]  flux[1/(cm2 s GeV)]  flux_err_lo  flux_err_hi
1.05925373e+03 1.00000000e+03 1.12201845e+03 4.89679370e-16 9.79358740e-17 9.79358740e-17
1.18850223e+03 1.12201845e+03 1.25892541e+03 3.75761091e-16 7.51522182e-17 7.51522182e-17
1.33352143e+03 1.25892541e+03 1.41253754e+03 2.88344590e-16 5.76689181e-17 5.76689181e-17
1.49623566e+03 1.41253754e+03 1.58489319e+03 2.21264534e-16 4.42529068e-17 4.42529068e-17
1.67880402e+03 1.58489319e+03 1.77827941e+03 1.69789883e-16 3.39579765e-17 3.39579765e-17
1.88364909e+03 1.77827941e+03 1.99526231e+03 1.30290217e-16 2.60580434e-17 2.60580434e-17
2.11348904e+03 1.99526231e+03 2.23872114e+03 9.99796951e-17 1.99959390e-17 1.99959390e-17
2.37137371e+03 2.23872114e+03 2.51188643e+03 7.67205677e-17 1.53441135e-17 1.53441135e-17
2.66072506e+03 2.51188643e+03 2.81838293e+03 5.88724091e-17 1.17744818e-17 1.17744818e-17
2.98538262e+03 2.81838293e+03 3.16227766e+03 4.51764195e-17 9.03528391e-18 9.03528391e-18
3.34965439e+03 3.16227766e+03 3.54813389e+03 3.46666446e-17 6.93332892e-18 6.93332892e-18
3.75837404e+03 3.54813389e+03 3.98107171e+03 2.66018480e-17 5.32036960e-18 5.32036960e-18
4.21696503e+03 3.98107171e+03 4.46683592e+03 2.04132337e-17 4.08264674e-18 4.08264674e-18
4.73151259e+03 4.46683592e+03 5.01187234e+03 1.56643294e-17 3.13286589e-18 3.13286589e-18
5.30884444e+03 5.01187234e+03 5.62341325e+03 1.20202032e-17 2.40404063e-18 2.40404063e-18
5.95662144e+03 5.62341325e+03 6.30957344e+03 9.22384100e-18 1.84476820e-18 1.84476820e-18
6.68343918e+03 6.30957344e+03 7.07945784e+03 7.07802037e-18 1.41560407e-18 1.41560407e-18
7.49894209e+03 7.07945784e+03 7.94328235e+03 5.43140025e-18 1.08628005e-18 1.08628005e-18
8.41395142e+03 7.94328235e+03 8.91250938e+03 4.16784738e-18 8.33569477e-19 8.33569477e-19
9.44060876e+03 8.91250938e+03 1.00000000e+04 3.19824558e-18 6.39649115e-19 6.39649115e-19
