|            energy|    energy_edge_lo|    energy_edge_hi|                  flux|         flux_error_lo|         flux_error_hi|
|            double|            double|            double|                double|                double|                double|
|               GeV|               GeV|               GeV|       1 / (GeV s cm2)|       1 / (GeV s cm2)|       1 / (GeV s cm2)|
|              null|              null|              null|                  null|                  null|                  null|
 1.7320508075688774                1.0 3.0000000000000013 4.2925538853496813e-10  7.918122834885482e-11  7.918122834885482e-11 
  5.477225575051663 3.0000000000000013               10.0  1.215052309641781e-11  4.545416830025792e-12  4.545416830025792e-12 
 17.320508075688778               10.0  30.00000000000001  6.886416754792514e-13   4.82086850039539e-13   4.82086850039539e-13 
  54.77225575051662  30.00000000000001              100.0  4.797662048282679e-14 5.0746639896620495e-14 5.0746639896620495e-14 
 173.20508075688778              100.0  300.0000000000001  4.246614130990717e-22  4.704682071442113e-15  4.704682071442113e-15 
 1059.2537251772887             1000.0  1122.018454301963  4.896804259897534e-16 1.0242019369345712e-16 1.0474015011236138e-16 
 1188.5022274370187  1122.018454301963 1258.9254117941673   3.75763395742231e-16  8.535782478187189e-17  9.099836994053482e-17 
 1333.5214321633239 1258.9254117941673  1412.537544622754  2.883473775781024e-16  7.057301247432707e-17  7.817167280538047e-17 
  1496.235656094433  1412.537544622754  1584.893192461114 2.2126735630056663e-16  5.795902515301864e-17  6.653720353405764e-17 
 1678.8040181225606  1584.893192461114 1778.2794100389226  1.697924969025858e-16 4.7328142564737536e-17  5.620239728279735e-17 
 1883.6490894898002 1778.2794100389226 1995.2623149688789 1.3029250991242018e-16  3.845696109602461e-17 4.7167059697787384e-17 
 2113.4890398366474 1995.2623149688789   2238.72113856834  9.998163009231286e-17 3.1114540930583635e-17  3.936615178534192e-17 
  2371.373705661655   2238.72113856834 2511.8864315095793  7.672215340325083e-17 2.5079041880500042e-17  3.269881046545659e-17 
 2660.7250597988086 2511.8864315095793  2818.382931264455  5.887367725776458e-17  2.014676709744136e-17 2.7047625279733158e-17 
 2985.3826189179604  2818.382931264455  3162.277660168379  4.517741213597686e-17 1.6136311701598463e-17 2.2291080676130535e-17 
  3349.654391578276  3162.277660168379  3548.133892335753  3.466740592525558e-17 1.2889653148675857e-17 1.8311258452338083e-17 
  3758.374042884443  3548.133892335753 3981.0717055349733  2.660242027606359e-17  1.027141827207281e-17 1.4998299294719775e-17 
  4216.965034285822 3981.0717055349733  4466.835921509631  2.041365468787562e-17  8.167143731776846e-18 1.2252688544450768e-17 
  4731.512589614802  4466.835921509631  5011.872336272725 1.5664631656353706e-17 6.4810584253749736e-18  9.986116709902182e-18 
 5308.8444423098845  5011.872336272725   5623.41325190349 1.2020413841150525e-17  5.133719832786863e-18  8.121438171943941e-18 
  5956.621435290103   5623.41325190349   6309.57344480193  9.223982333197876e-18 4.0597038270752705e-18  6.592088550177733e-18 
  6683.439175686149   6309.57344480193   7079.45784384138  7.078110122303695e-18 3.2054596620947923e-18  5.341204982904325e-18 
  7498.942093324558   7079.45784384138  7943.282347242814  5.431452405033656e-18 2.5273848110751557e-18  4.320611342843024e-18 
  8413.951416451948  7943.282347242814  8912.509381337459  4.167872758977555e-18 1.9901383273118347e-18  3.489772766113337e-18 
  9440.608762859234  8912.509381337459            10000.0  3.198252414746994e-18  1.565189593837211e-18 2.8147839223859484e-18 
