|            energy|    energy_edge_lo|    energy_edge_hi|                  flux|         flux_error_lo|         flux_error_hi|
|            double|            double|            double|                double|                double|                double|
|               GeV|               GeV|               GeV|       1 / (GeV s cm2)|       1 / (GeV s cm2)|       1 / (GeV s cm2)|
|              null|              null|              null|                  null|                  null|                  null|
 1.7320508075688774                1.0 3.0000000000000013 4.2925538853496813e-10  7.918122834885482e-11  7.918122834885482e-11 
  5.477225575051663 3.0000000000000013               10.0  1.215052309641781e-11  4.545416830025792e-12  4.545416830025792e-12 
 17.320508075688778               10.0  30.00000000000001  6.886416754792514e-13   4.82086850039539e-13   4.82086850039539e-13 
  54.77225575051662  30.00000000000001              100.0  4.797662048282679e-14 5.0746639896620495e-14 5.0746639896620495e-14 
 173.20508075688778              100.0  300.0000000000001  4.246614130990717e-22  4.704682071442113e-15  4.704682071442113e-15 
  1122.018454301963             1000.0 1258.9254117941673   4.28958787792482e-16  9.360266322249926e-17  9.778107632841306e-17 
 1412.5375446227554 1258.9254117941673  1584.893192461114 2.5259369390953854e-16   6.40055264644077e-17  7.219579433171904e-17 
 1778.2794100389226  1584.893192461114 1995.2623149688789 1.4874030104336565e-16 4.2687605332919735e-17  5.152563799759679e-17 
 2238.7211385683377 1995.2623149688789 2511.8864315095793  8.758586587380556e-17  2.794718070175578e-17  3.589838410730715e-17 
  2818.382931264455 2511.8864315095793  3162.277660168379 5.1574926886937554e-17 1.8037210544943267e-17  2.456551575061458e-17 
  3548.133892335753  3162.277660168379 3981.0717055349733 3.0369835384589185e-17  1.150999573931909e-17 1.6578325030305265e-17 
  4466.835921509635 3981.0717055349733  5011.872336272725 1.7883210169530996e-17  7.277455208232034e-18  1.106496004823048e-17 
   5623.41325190349  5011.872336272725   6309.57344480193 1.0530469898613147e-17  4.566378796051872e-18  7.318905038023963e-18 
  7079.457843841373   6309.57344480193  7943.282347242814 6.2008218096214986e-18  2.846953250057309e-18  4.805045314672825e-18 
  8912.509381337459  7943.282347242814            10000.0 3.6513207371735726e-18 1.7652981043915933e-18 3.1348514989919336e-18 
  11220.18454301963            10000.0 12589.254117941662 2.1500568825965532e-18 1.0894685218279573e-18 2.0342627523790297e-18 
 14125.375446227554 12589.254117941662 15848.931924611143 1.2660450283173324e-18 6.6963366302802605e-19 1.3139816078665336e-18 
 17782.794100389227 15848.931924611143  19952.62314968879  7.454999048653777e-19  4.101145728030902e-19  8.453268684816677e-19 
 22387.211385683375  19952.62314968879 25118.864315095823  4.389805442792028e-19 2.5038070347684654e-19  5.419109291959841e-19 
  28183.82931264455 25118.864315095823 31622.776601683796   2.58489076492173e-19 1.5243248049482563e-19 3.4632013204429185e-19 
  35481.33892335753 31622.776601683796  39810.71705534969 1.5220830907076084e-19  9.256892444134649e-20  2.207112821938988e-19 
 44668.359215096345  39810.71705534969  50118.72336272725  8.962595032595454e-20   5.60886782758182e-20  1.403123807295946e-19 
   56234.1325190349  50118.72336272725   63095.7344480193  5.277502333379532e-20  3.391590320601357e-20  8.900234876620518e-20 
  70794.57843841372   63095.7344480193  79432.82347242821  3.107580190522847e-20 2.0470714913505952e-20  5.634239478285429e-20 
  89125.09381337458  79432.82347242821           100000.0 1.8298500685965186e-20 1.2334932878303432e-20  3.560241456083539e-20 
